1008792698770049
1010816048507614
1019005031103806
1026228803107774
1034802492591491
1200370795499483
1218591924670571
1249775127316090
1310293694593951
1326176662918618
1345509854217640
1375157431101110
1493110625829174
1550150270173512
1552904606229687
1578661203923320
1587980276170810
1611452633675447
1630277048041333
1667192434430051
1675910780361896
1751858266169561
1754611555548011
1880955355936721
2155493188182731
2219881575422253
2227879828059640
2238212030311408
3191099554424215
4364819800401491
771126382598215
869673732860172
880670661257255
937512682223269
971293052360750
973452448907992
996541189451973